57034
64010
64843
66840
70554
70785
74315
93911
94582
126631
129451
143388
156852
158149
162911
164105
173617
204310
211536
218144
219055
230573
231550
245062
251865
253403
271031
274032
285237
287811
292362
295645
327325
327365
332337
334425
334520
342590
351298
352646
357562
375252
389136
401114
414893
415863
416998
421419
440160
440302
447097
462348
468424
501348
512002
512304
515417
516565
522158
527703
538898
542564
570230
570818
580509
592024
596684
607176
609890
629194
650377
652376
667320
673716
682760
700176
713276
715646
723886
727528
729862
738175
739547
739951
768262
779403
795549
806877
826669
864713
880533
881585
882036
891597
928957
929999
931329
934708
950878
953400